Easy:
[
    [8,5,0,4,0,0,0,0,0],
    [0,0,7,9,6,0,4,8,0],
    [0,9,4,3,8,2,0,7,0],
    [7,6,0,0,0,0,0,4,0],
    [0,1,3,5,7,6,2,9,8],
    [0,8,0,0,0,4,7,0,0],
    [0,4,0,7,0,8,0,6,0],
    [6,2,9,1,4,0,0,5,7],
    [0,0,0,0,2,9,0,3,4]
],
[
[3 0 0 8 0 1 0 0 2],
[2 0 1 0 3 0 6 0 4],
[0 0 0 2 0 4 0 0 0],
[8 0 9 0 0 0 1 0 6],
[0 6 0 0 0 0  0 5 0],
[7 0 2 0 0 0 4 0 9],
[0 0 0 5 0 9 0 0 0],
[9 0 4 0 8 0 7 0 5],
[6 0 0 1 0 7 0 0 3]
],
[
    [4,0,0,0,9,1,0,0,0],
    [0,0,9,0,0,7,4,2,5],
    [0,5,8,3,4,0,1,9,0],
    [6,9,1,0,0,0,0,0,0],
    [0,0,3,9,6,4,7,0,0],
    [0,0,0,0,0,0,9,6,3],
    [0,8,7,0,2,6,5,3,0],
    [3,1,5,8,0,0,6,0,0],
    [0,0,0,1,5,0,0,0,9]
],


Medium:
[
    [0,1,5,4,0,6,0,3,0],
    [0,0,0,0,0,8,0,4,5],
    [0,0,8,0,0,0,1,0,6],
    [0,4,0,9,0,0,0,7,0],
    [0,0,0,3,7,0,5,6,0],
    [3,0,0,0,7,0,0,0,9],
    [0,0,4,0,0,0,6,0,0],
    [1,8,0,0,0,0,0,0,0],
    [0,0,6,0,5,3,0,0,0]
],

Hard:
[
    [2,0,0,7,8,0,0,0,0],
    [1,3,0,4,0,5,8,9,0],
    [0,0,0,0,0,1,5,0,0],
    [0,0,0,0,7,0,0,3,0],
    [0,6,0,5,0,4,0,7,0],
    [0,9,0,0,1,0,0,0,0],
    [0,0,1,9,0,0,0,0,0],
    [0,7,8,1,0,3,0,5,9],
    [0,0,0,0,6,7,0,0,4]
],
